[[[[[  17,   -4,   14],
    [  14,    0,    5],
    [  11,  -19,   -8]],

   [[  -5,  -47,  -19],
    [ -42,  -88,  -64],
    [ -37, -109,  -85]],

   [[   6,  -16,  -19],
    [  -3,  -36,  -33],
    [ -10,  -35,  -36]]]],



 [[[[   9,    2,    8],
    [  17,  -23,    8],
    [  29,  -41,   -7]],

   [[ -14,  -16,    0],
    [   8,  -13,   13],
    [ -21,  -51,  -25]],

   [[  30,  -49,  -15],
    [ -37, -126, -101],
    [ -20,  -96,  -90]]]],



 [[[[  -4,  -20,   -4],
    [  14,    4,   -3],
    [  -1,  -11,  -15]],

   [[  -5,  -52,  -45],
    [ -28,  -91,  -79],
    [ -23,  -75,  -56]],

   [[   9,   70,   47],
    [  19,   80,   80],
    [  24,   79,   73]]]]]